2092 12
3096 2
8023 7
8049 16
8143 5
12003 11
12074 5
12084 7
14037 4
15004 37
15088 2
16052 4
16077 15
19021 35
20008 10
21077 20
22013 10
22090 17
22093 15
23025 12
23080 26
23084 15
24004 24
24063 20
24077 35
25098 21
26031 3
27059 18
28075 5
28096 5
33039 25
33066 25
35008 12
35010 20
35058 10
35070 4
35091 15
37073 25
38082 11
38092 15
41004 5
41025 19
41033 5
41069 14
42012 28
42044 18
42049 12
42078 5
43070 4
43074 5
43083 3
45077 18
45096 16
46076 16
48055 8
54005 14
54082 20
55067 8
55073 18
55075 15
56028 30
58060 5
59078 15
60079 3
61060 4
61086 5
62096 3
65010 25
65019 40
65033 20
65074 32
65132 26
66039 9
66053 10
66075 3
67079 20
68077 10
69015 30
69020 17
69040 2
71046 21
76002 22
76053 5
78004 19
78019 22
80099 2
85048 38
86000 27
86016 9
86068 6
87046 16
87065 4
89072 35
90076 26
92059 9
94079 5
95006 6
97017 21
97033 6
100075 14
100080 16
100098 10
101085 26
101087 40
102061 12
103041 10
103070 11
104022 12
105019 10
105025 7
105053 7
106020 8
106024 9
106025 35
108005 25
108041 10
108070 5
108073 9
108082 8
109034 8
109053 15
112082 21
113009 11
113016 9
113044 9
117054 17
118020 18
118035 23
119082 30
122048 9
123074 12
124084 14
126007 15
126039 23
130026 4
130034 4
134008 4
134035 10
134052 6
135037 12
135069 3
138032 10
138078 10
140055 40
140075 10
143090 7
144067 15
145014 15
145053 20
145086 14
147021 6
147062 5
147091 3
148026 13
148089 24
151087 24
153077 35
153093 35
155060 15
156065 4
156079 16
157036 6
157055 25
159008 22
159029 7
159045 25
159091 4
160068 7
161062 10
163014 18
163062 13
163085 7
164074 8
166081 19
167062 3
167083 9
169012 10
170054 21
170057 32
172032 30
173036 8
175032 12
175043 2
176019 15
176035 11
176039 5
178054 4
181018 9
181079 9
181091 13
182053 30
183055 5
183087 5
187003 16
187029 6
187039 8
187071 17
187083 5
188005 31
188063 5
188091 15
189003 15
189011 10
189080 10
196015 12
196073 8
197017 9
198004 24
198023 10
198054 26
202012 17
207056 3
208001 13
209070 40
210088 2
216041 8
216053 16
216066 2
216081 39
219090 23
220075 19
223061 7
225017 7
227040 14
227046 4
227092 7
229036 19
231015 9
232038 15
236017 14
236037 9
238011 7
239007 21
239096 22
241004 10
241048 21
242078 20
245051 35
246016 20
246053 16
247085 10
249061 10
249087 23
253027 12
253036 10
253055 2
254033 9
254054 3
260058 9
260081 19
268002 5
271008 12
271031 4
271035 27
274007 18
277095 20
285036 27
285079 21
286092 19
291000 4
292066 14
293029 10
295087 13
296007 8
296059 17
299086 6
299091 3
300091 5
301007 26
302003 19
302008 33
304034 5 
304074 7
306005 9
309004 11
310007 14
311068 11
311081 5
314016 7
317080 11
323016 40
326038 4
351093 9
353013 4
361010 23
361084 32
365025 5
365073 40
368016 2
368078 29
370036 36
372047 40
374020 35
374067 5
376001 38
376020 9
376043 3
385028 16
385039 29
388016 17